rng_seed = 1
x_size = 200
y_size = 200
snapshot_interval = 200
max_steps = 10_000

[random_plants]
total = 30

[[static_plants]]
position = { x = 20, y = 20 }

[static_plants.singlet]
e = 0.8149343132972717
o = 3.026721477508545

[static_plants.doublet]
ee = 1.350279688835144
es = 0.0477743074297905
eo = 0.42134276032447815
oe = -2.214602470397949
os = 1.4245697259902954
oo = 2.898250102996826

[static_plants.triplet_l]
eee = 2.1236791610717773
ees = 0.3317641019821167
eeo = 0.2184634506702423
ese = -1.0046619176864624
ess = -1.3321532011032104
eso = 0.20577466487884521
eoe = 1.1641203165054321
eos = 2.1470160484313965
eoo = 0.42423567175865173
oee = -0.3255522549152374
oes = -2.321192979812622
oeo = 0.6078081727027893
ose = -0.09795978665351868
oss = -1.812392234802246
oso = 1.5784564018249512
ooe = 2.6410186290740967
oos = -0.40825629234313965
ooo = 2.1247715950012207

[static_plants.triplet_i]
eee = -0.37434959411621094
ees = -1.4267700910568237
eeo = -0.3495579659938812
ese = -0.963388979434967
ess = 0.45659932494163513
eso = -1.2836400270462036
eoe = -2.219521999359131
eos = 2.98774790763855
eoo = -5.566197395324707
oee = -2.7093093395233154
oes = -1.4120336771011353
oeo = -0.9527387619018555
ose = 1.0698473453521729
oss = 0.452291876077652
oso = -3.413029432296753
ooe = -1.0849459171295166
oos = -2.2354929447174072
ooo = -2.4170079231262207

[[static_plants]]
position = { x = 100, y = 100 }

[static_plants.singlet]
e = 0.9599795937538147
o = 2.841681718826294

[static_plants.doublet]
ee = 1.501233458518982
es = 0.07207826524972916
eo = 0.42411744594573975
oe = -2.3027641773223877
os = 1.2570081949234009
oo = 2.8748042583465576

[static_plants.triplet_l]
eee = 2.289614200592041
ees = 0.3245546221733093
eeo = 0.2985645830631256
ese = -0.9045729041099548
ess = -1.3116395473480225
eso = 0.11011791974306107
eoe = 1.2153822183609009
eos = 2.2760238647460938
eoo = 0.4247282147407532
oee = -0.34989646077156067
oes = -2.257070302963257
oeo = 0.567760169506073
ose = -0.030794959515333176
oss = -1.7289284467697144
oso = 1.5073546171188354
ooe = 2.552248954772949
oos = -0.40516144037246704
ooo = 2.134716272354126

[static_plants.triplet_i]
eee = -0.23268498480319977
ees = -1.3716806173324585
eeo = -0.33440130949020386
ese = -1.024632215499878
ess = 0.4197823703289032
eso = -1.3509948253631592
eoe = -2.207448720932007
eos = 3.0316667556762695
eoo = -5.658735752105713
oee = -2.79752516746521
oes = -1.3524612188339233
oeo = -0.977373480796814
ose = 1.0909415483474731
oss = 0.4482938349246979
oso = -3.343200206756592
ooe = -1.1647602319717407
oos = -2.3186442852020264
ooo = -2.4394209384918213

[[static_plants]]
position = { x = 100, y = 20 }

[static_plants.singlet]
e = 1.896053433418274
o = -1.8825161457061768

[static_plants.doublet]
ee = 0.3191768229007721
es = -0.9324252009391785
eo = 1.6302785873413086
oe = -2.216292142868042
os = 3.697962760925293
oo = 2.666563034057617

[static_plants.triplet_l]
eee = -0.07122302800416946
ees = -0.8554919958114624
eeo = 1.126600980758667
ese = -1.6572227478027344
ess = 0.8794392347335815
eso = -0.22891342639923096
eoe = -0.4097459018230438
eos = -1.4310249090194702
eoo = 1.926409363746643
oee = -0.17689086496829987
oes = 3.4779553413391113
oeo = 1.588700532913208
ose = 0.4740614891052246
oss = -4.126806259155273
oso = 0.5290096998214722
ooe = 0.4041867256164551
oos = -0.928011417388916
ooo = -0.21217723190784454

[static_plants.triplet_i]
eee = 1.3049964904785156
ees = 3.623884439468384
eeo = -1.3431960344314575
ese = 1.5944117307662964
ess = -0.6766965985298157
eso = 1.5644105672836304
eoe = -0.1579696238040924
eos = 0.22022002935409546
eoo = 2.5161635875701904
oee = -1.1769331693649292
oes = 0.8776068687438965
oeo = -1.2219500541687012
ose = 5.570271015167236
oss = 0.06600179523229599
oso = -1.9895380735397339
ooe = -0.107589490711689
oos = -1.4805095195770264
ooo = 2.893747091293335
