rng_seed = 1
x_size = 200
y_size = 200
snapshot_interval = 200
max_steps = 10_000

[random_plants]
total = 30

[[static_plants]]
position = { x = 0, y = 0 }

[static_plants.singlet]
e = 0.9599795937538147
o = 2.841681718826294

[static_plants.doublet]
ee = 1.501233458518982
es = 0.07207826524972916
eo = 0.42411744594573975
oe = -2.3027641773223877
os = 1.2570081949234009
oo = 2.8748042583465576

[static_plants.triplet_l]
eee = 2.289614200592041
ees = 0.3245546221733093
eeo = 0.2985645830631256
ese = -0.9045729041099548
ess = -1.3116395473480225
eso = 0.11011791974306107
eoe = 1.2153822183609009
eos = 2.2760238647460938
eoo = 0.4247282147407532
oee = -0.34989646077156067
oes = -2.257070302963257
oeo = 0.567760169506073
ose = -0.030794959515333176
oss = -1.7289284467697144
oso = 1.5073546171188354
ooe = 2.552248954772949
oos = -0.40516144037246704
ooo = 2.134716272354126

[static_plants.triplet_i]
eee = -0.23268498480319977
ees = -1.3716806173324585
eeo = -0.33440130949020386
ese = -1.024632215499878
ess = 0.4197823703289032
eso = -1.3509948253631592
eoe = -2.207448720932007
eos = 3.0316667556762695
eoo = -5.658735752105713
oee = -2.79752516746521
oes = -1.3524612188339233
oeo = -0.977373480796814
ose = 1.0909415483474731
oss = 0.4482938349246979
oso = -3.343200206756592
ooe = -1.1647602319717407
oos = -2.3186442852020264
ooo = -2.4394209384918213

[[static_plants]]
position = { x = 50, y = 50 }

[static_plants.singlet]
e = 1.0400912761688232
o = 2.928731918334961

[static_plants.doublet]
ee = 1.578310251235962
es = 0.0065218061208724976
eo = 0.3191867768764496
oe = -2.3661692142486572
os = 1.2406729459762573
oo = 2.8325650691986084

[static_plants.triplet_l]
eee = 2.447516918182373
ees = 0.24019399285316467
eeo = 0.2560729384422302
ese = -1.0539189577102661
ess = -1.3973640203475952
eso = 0.11260302364826202
eoe = 1.1320393085479736
eos = 2.28849196434021
eoo = 0.5814046263694763
oee = -0.3325597643852234
oes = -2.2829387187957764
oeo = 0.3209884762763977
ose = -0.2125748246908188
oss = -1.6615937948226929
oso = 1.5430794954299927
ooe = 2.5255401134490967
oos = -0.29254376888275146
ooo = 2.0119285583496094

[static_plants.triplet_i]
eee = -0.1505088210105896
ees = -1.1872047185897827
eeo = -0.39636191725730896
ese = -1.1006556749343872
ess = 0.2952629327774048
eso = -1.1708593368530273
eoe = -2.1698880195617676
eos = 3.1179401874542236
eoo = -5.7176289558410645
oee = -2.8477559089660645
oes = -1.3804460763931274
oeo = -1.1499934196472168
ose = 1.0285868644714355
oss = 0.42857450246810913
oso = -3.2550392150878906
ooe = -1.2492079734802246
oos = -2.3717942237854004
ooo = -2.45780086517334
